meal001
구분	06/20	06/21	06/22	06/25	06/26	06/27	06/28	06/29	07/02	07/03	07/04	07/05	07/06	07/09	07/10	07/11	07/12	07/13	07/16	07/17	07/18	07/19	07/20	07/23	07/24	07/25	07/26	07/27
평균 	2,236	2,236	2,236	2,236	2,236	2,236	2,252	2,252	2,252	2,262	2,266	2,266	2,266	2,276	2,276	2,276	2,279	2,296	2,299	2,299	2,299	2,299	2,299	2,299	2,299	2,299	2,296	2,296
평년	1,977	1,977	1,977	1,977	1,977	1,977	1,977	1,977	1,977	1,977	1,977	1,977	1,977	1,977	1,977	1,977	1,977	1,977	1,977	1,977	1,977	1,977	1,977	1,977	1,977	1,977	1,977	1,977
meal002
구분	06/20	06/21	06/22	06/25	06/26	06/27	06/28	06/29	07/02	07/03	07/04	07/05	07/06	07/09	07/10	07/11	07/12	07/13	07/16	07/17	07/18	07/19	07/20	07/23	07/24	07/25	07/26	07/27
평균	2,660	2,660	2,660	2,660	2,660	2,660	2,660	2,660	2,660	2,660	2,660	2,660	2,660	2,660	2,660	2,660	2,660	2,660	2,660	2,660	2,660	2,660	2,660	2,660	2,670	2,670	2,670	2,670
평년	2,350	2,350	2,350	2,350	2,350	2,350	2,350	2,350	2,353	2,355	2,357	2,358	2,358	2,358	2,358	2,358	2,358	2,358	2,361	2,364	2,366	2,366	2,364	2,366	2,366	2,366	2,366	2,366
meal003
구분	06/20	06/21	06/22	06/25	06/26	06/27	06/28	06/29	07/02	07/03	07/04	07/05	07/06	07/09	07/10	07/11	07/12	07/13	07/16	07/17	07/18	07/19	07/20	07/23	07/24	07/25	07/26	07/27
평균	5,189	5,189	5,189	5,189	5,189	5,189	5,189	5,189	5,189	5,189	5,189	5,189	5,189	5,189	5,189	5,189	5,189	5,166	5,166	5,166	5,166	5,166	5,166	5,166	5,166	5,166	5,143	5,114
평년	4,414	4,414	4,414	4,415	4,415	4,417	4,417	4,417	4,417	4,417	4,417	4,417	4,417	4,417	4,417	4,417	4,417	4,421	4,431	4,431	4,434	4,440	4,442	4,446	4,446	4,446	4,446	4,446
meal004
구분	06/20	06/21	06/22	06/25	06/26	06/27	06/28	06/29	07/02	07/03	07/04	07/05	07/06	07/09	07/10	07/11	07/12	07/13	07/16	07/17	07/18	07/19	07/20	07/23	07/24	07/25	07/26	07/27
평균	8,050	8,050	8,050	8,050	8,050	8,050	7,980	7,980	7,980	7,855	7,855	7,855	7,855	7,855	7,855	7,855	7,855	7,855	7,855	7,855	7,855	7,855	7,855	7,855	7,855	7,855	7,855	7,855
평년	7,308	7,318	7,338	7,386	7,382	7,383	7,392	7,395	7,406	7,406	7,408	7,412	7,415	7,432	7,442	7,448	7,456	7,456	7,457	7,455	7,457	7,458	7,458	7,452	7,452	7,450	7,447	7,443
meal005
구분	06/20	06/21	06/22	06/25	06/26	06/27	06/28	06/29	07/02	07/03	07/04	07/05	07/06	07/09	07/10	07/11	07/12	07/13	07/16	07/17	07/18	07/19	07/20	07/23	07/24	07/25	07/26	07/27
평균	9,775	9,775	9,775	9,775	9,775	9,775	9,775	9,775	9,775	9,775	9,775	9,775	9,775	9,775	9,775	9,775	9,775	9,775	9,775	9,775	9,775	9,775	9,775	9,775	9,775	9,775	9,775	9,725
평년	9,017	9,017	9,017	9,017	9,017	9,017	9,017	9,017	9,017	9,017	9,017	9,017	9,017	9,017	9,027	9,043	9,060	9,077	9,100	9,100	9,100	9,100	9,100	9,117	9,117	9,120	9,133	9,147
meal006
구분	06/20	06/21	06/22	06/25	06/26	06/27	06/28	06/29	07/02	07/03	07/04	07/05	07/06	07/09	07/10	07/11	07/12	07/13	07/16	07/17	07/18	07/19	07/20	07/23	07/24	07/25	07/26	07/27
평균	4,340	4,340	4,420	4,340	4,320	4,300	4,340	4,420	4,380	4,380	4,360	4,320	4,320	4,320	4,300	4,480	4,480	4,500	4,620	4,580	4,560	4,400	4,580	4,480	4,620	4,540	4,640	4,600
평년	3,037	3,046	3,048	3,034	3,038	3,039	3,030	3,023	3,025	3,043	3,064	3,077	3,084	3,105	3,106	3,117	3,124	3,126	3,080	3,067	3,044	3,036	3,039	3,012	3,022	3,047	3,072	3,103
meal008
구분	06/20	06/21	06/22	06/25	06/26	06/27	06/28	06/29	07/02	07/03	07/04	07/05	07/06	07/09	07/10	07/11	07/12	07/13	07/16	07/17	07/18	07/19	07/20	07/23	07/24	07/25	07/26	07/27
평균	2,760	2,760	2,760	2,760	2,760	2,760	2,760	2,760	2,720	2,720	2,720	2,720	2,720	2,720	2,720	2,720	2,720	2,720	2,720	2,720	2,720	2,720	2,720	2,720	2,720	2,720	2,720	2,720
평년	2,620	2,620	2,620	2,617	2,617	2,616	2,615	2,613	2,613	2,613	2,613	2,613	2,613	2,633	2,647	2,647	2,647	2,647	2,646	2,648	2,650	2,651	2,651	2,658	2,658	2,659	2,659	2,660
meal007
구분	06/20	06/21	06/22	06/25	06/26	06/27	06/28	06/29	07/02	07/03	07/04	07/05	07/06	07/09	07/10	07/11	07/12	07/13	07/16	07/17	07/18	07/19	07/20	07/23	07/24	07/25	07/26	07/27
평균	1,350	1,340	1,350	1,310	1,300	1,320	1,360	1,350	1,470	1,480	1,480	1,480	1,470	1,480	1,460	1,430	1,430	1,410	1,420	1,430	1,420	1,410	1,430	1,450	1,470	1,480	1,520	1,530
평년	1,170	1,129	1,112	1,116	1,123	1,133	1,144	1,142	1,108	1,106	1,106	1,107	1,108	1,134	1,140	1,141	1,139	1,136	1,126	1,122	1,125	1,127	1,126	1,123	1,126	1,127	1,128	1,128
vegie001
구분	06/20	06/21	06/22	06/25	06/26	06/27	06/28	06/29	07/02	07/03	07/04	07/05	07/06	07/09	07/10	07/11	07/12	07/13	07/16	07/17	07/18	07/19	07/20	07/23	07/24	07/25	07/26	07/27
평균	590	580	590	640	650	690	707	667	687	693	680	670	660	720	730	860	880	920	1,021	951	1,000	1,060	1,080	1,240	1,320	1,340	1,472	1,620
평년	541	556	560	565	565	565	561	560	570	577	582	591	601	616	625	640	656	672	676	677	681	685	683	746	752	762	793	810
vegie002
구분	06/20	06/21	06/22	06/25	06/26	06/27	06/28	06/29	07/02	07/03	07/04	07/05	07/06	07/09	07/10	07/11	07/12	07/13	07/16	07/17	07/18	07/19	07/20	07/23	07/24	07/25	07/26	07/27
평균	575	575	600	650	650	650	658	650	650	658	650	650	638	650	670	758	733	708	763	788	850	863	875	1,125	1,225	1,275	1,400	1,625
평년	540	541	543	530	528	524	519	515	534	546	556	566	570	568	565	559	554	554	557	558	550	545	540	535	545	566	590	599
vegie003
구분	06/20	06/21	06/22	06/25	06/26	06/27	06/28	06/29	07/02	07/03	07/04	07/05	07/06	07/09	07/10	07/11	07/12	07/13	07/16	07/17	07/18	07/19	07/20	07/23	07/24	07/25	07/26	07/27
평균	2,450	2,650	2,815	2,900	3,050	3,200	3,150	3,150	3,350	3,250	3,250	3,500	3,650	5,200	5,850	6,050	6,050	6,000	5,850	6,050	5,850	5,700	5,700	6,200	6,300	6,550	6,850	7,150
평년	2,789	2,799	2,775	2,863	2,940	2,988	3,018	3,053	3,118	3,164	3,197	3,237	3,321	3,616	3,722	3,938	4,185	4,393	4,688	4,785	4,888	4,947	5,035	5,219	5,267	5,393	5,491	5,558
vegie004
구분	06/20	06/21	06/22	06/25	06/26	06/27	06/28	06/29	07/02	07/03	07/04	07/05	07/06	07/09	07/10	07/11	07/12	07/13	07/16	07/17	07/18	07/19	07/20	07/23	07/24	07/25	07/26	07/27
평균	2,750	2,650	2,900	2,950	3,100	3,150	3,265	3,000	3,300	3,400	4,000	4,600	5,100	7,950	8,950	9,400	8,050	7,550	8,600	7,700	6,950	6,600	5,950	5,350	5,600	5,150	4,900	4,850
평년	3,409	3,447	3,494	3,640	3,683	3,738	3,791	3,824	4,087	4,233	4,363	4,467	4,626	5,053	5,373	6,163	6,819	7,390	8,286	8,640	8,582	8,331	8,026	7,242	6,989	6,752	6,580	6,372
vegie005
구분	06/20	06/21	06/22	06/25	06/26	06/27	06/28	06/29	07/02	07/03	07/04	07/05	07/06	07/09	07/10	07/11	07/12	07/13	07/16	07/17	07/18	07/19	07/20	07/23	07/24	07/25	07/26	07/27
평균	1,100	1,075	1,075	1,225	1,275	1,225	1,175	1,192	1,208	1,258	1,275	1,425	1,400	1,750	1,900	2,050	2,000	1,950	2,300	2,265	2,200	2,300	2,200	2,200	2,000	2,000	1,900	1,800
평년	1,051	1,050	1,041	1,034	1,019	1,009	1,005	999	999	1,008	1,016	1,024	1,037	1,054	1,062	1,113	1,188	1,241	1,324	1,379	1,361	1,347	1,338	1,329	1,328	1,334	1,346	1,346
vegie007
구분	06/20	06/21	06/22	06/25	06/26	06/27	06/28	06/29	07/02	07/03	07/04	07/05	07/06	07/09	07/10	07/11	07/12	07/13	07/16	07/17	07/18	07/19	07/20	07/23	07/24	07/25	07/26	07/27
평균	14,200	16,600	17,200	16,600	15,600	15,600	15,200	15,200	14,800	14,400	14,400	13,600	14,400	15,520	14,800	14,400	14,600	16,260	18,200	19,200	17,000	16,600	16,600	19,200	19,200	19,000	19,320	20,600
평년	13,590	13,830	14,030	14,243	14,230	14,380	14,433	14,397	14,243	14,233	14,160	14,120	14,100	14,763	14,980	15,337	15,633	15,807	16,117	16,077	15,940	15,687	15,483	15,343	15,353	15,413	15,537	15,557
vegie008
구분	06/20	06/21	06/22	06/25	06/26	06/27	06/28	06/29	07/02	07/03	07/04	07/05	07/06	07/09	07/10	07/11	07/12	07/13	07/16	07/17	07/18	07/19	07/20	07/23	07/24	07/25	07/26	07/27
평균	4,600	4,160	4,000	3,580	3,420	3,340	3,320	3,060	2,980	2,900	2,860	2,820	2,840	2,820	2,680	2,680	2,660	2,640	2,800	2,900	2,640	2,640	2,720	2,780	3,000	3,180	3,346	3,440
평년	3,153	3,127	3,089	2,932	2,899	2,895	2,870	2,830	2,733	2,711	2,669	2,643	2,638	2,610	2,593	2,573	2,567	2,564	2,527	2,523	2,508	2,494	2,487	2,461	2,442	2,406	2,374	2,356
vegie009
구분	06/20	06/21	06/22	06/25	06/26	06/27	06/28	06/29	07/02	07/03	07/04	07/05	07/06	07/09	07/10	07/11	07/12	07/13	07/16	07/17	07/18	07/19	07/20	07/23	07/24	07/25	07/26	07/27
평균	1,250	1,250	1,200	1,100	1,150	1,200	1,200	1,200	1,200	1,400	1,700	1,650	2,000	2,450	2,600	2,600	2,450	2,450	2,150	1,700	1,700	2,000	1,850	1,500	1,400	1,650	1,650	1,800
평년	1,526	1,528	1,526	1,522	1,530	1,527	1,526	1,525	1,515	1,498	1,496	1,510	1,524	1,569	1,632	1,714	1,824	1,896	1,958	1,973	1,969	1,951	1,939	1,869	1,907	1,885	1,864	1,906
vegie010
구분	06/20	06/21	06/22	06/25	06/26	06/27	06/28	06/29	07/02	07/03	07/04	07/05	07/06	07/09	07/10	07/11	07/12	07/13	07/16	07/17	07/18	07/19	07/20	07/23	07/24	07/25	07/26	07/27
평균	12,400	11,700	12,000	11,400	11,200	11,800	11,800	11,000	11,600	12,400	14,600	14,200	14,600	15,600	18,000	17,800	16,000	16,000	13,000	11,400	11,000	10,600	10,000	9,400	9,400	8,600	8,000	7,932
평년	13,503	13,510	13,427	12,687	12,780	12,600	12,387	12,400	12,533	12,290	12,373	12,533	12,767	12,873	12,923	13,630	14,590	14,990	16,603	17,587	17,850	17,543	17,223	16,387	16,167	15,927	15,843	15,890
vegie011
구분	06/20	06/21	06/22	06/25	06/26	06/27	06/28	06/29	07/02	07/03	07/04	07/05	07/06	07/09	07/10	07/11	07/12	07/13	07/16	07/17	07/18	07/19	07/20	07/23	07/24	07/25	07/26	07/27
평균	2,000	2,140	2,260	2,020	2,020	2,060	2,060	1,900	1,800	1,800	1,740	1,720	1,760	1,740	1,820	1,820	1,840	2,000	2,080	2,180	2,320	2,440	2,520	2,560	2,580	2,740	2,580	2,540
평년	1,519	1,529	1,534	1,553	1,573	1,585	1,596	1,593	1,597	1,584	1,567	1,553	1,543	1,559	1,582	1,601	1,619	1,656	1,757	1,776	1,779	1,777	1,775	1,752	1,737	1,758	1,787	1,817
vegie012
구분	03/02	03/05	03/06	03/07	03/08	03/09	03/12	03/13	03/14	03/15	03/16	03/19	03/20	03/21	03/22	03/23	03/26	03/27	03/28	03/29	03/30	04/02	04/03	04/04	04/05	04/06	04/09	04/10	04/11	04/12	04/13	04/16	04/17	04/18	04/19	04/20	04/23	04/24	04/25	04/26	04/27	04/30	05/02	05/03	05/04	05/08	05/09	05/10	05/11
평균	42,500	42,500	42,520	42,520	42,920	43,120	43,200	43,200	43,200	43,660	43,660	43,660	43,660	43,660	44,000	44,000	44,100	44,100	44,100	44,300	44,300	44,500	44,500	44,700	44,700	44,700	44,720	44,720	44,720	44,720	44,720	44,720	44,720	44,720	44,720	44,720	44,720	44,720	44,720	44,720	44,520	44,520	44,520	44,520	44,520	44,520	44,520	44,520	44,520
평년	40,347	40,327	40,313	40,308	40,308	40,300	40,227	40,213	40,200	40,200	40,200	40,200	40,200	40,200	40,200	40,200	40,200	40,200	40,200	40,200	40,200	40,200	40,200	40,200	40,200	40,200	40,200	40,200	40,200	40,200	40,200	40,193	40,167	40,127	40,108	40,108	40,013	40,000	40,000	40,000	40,000	39,987	39,973	39,967	39,967	39,947	39,933	39,933	39,933
vegie013
구분	06/20	06/21	06/22	06/25	06/26	06/27	06/28	06/29	07/02	07/03	07/04	07/05	07/06	07/09	07/10	07/11	07/12	07/13	07/16	07/17	07/18	07/19	07/20	07/23	07/24	07/25	07/26	07/27
평균	700	689	689	667	722	789	800	789	811	800	767	733	700	722	733	822	800	800	878	922	967	1,022	1,067	1,100	1,089	1,100	1,200	1,411
평년	607	623	624	627	633	629	614	614	640	646	651	664	667	629	613	603	597	594	622	634	646	655	670	687	694	706	714	716
vegie014
구분	06/20	06/21	06/22	06/25	06/26	06/27	06/28	06/29	07/02	07/03	07/04	07/05	07/06	07/09	07/10	07/11	07/12	07/13	07/16	07/17	07/18	07/19	07/20	07/23	07/24	07/25	07/26	07/27
평균	1,920	1,930	1,930	1,930	1,950	1,980	1,990	2,040	2,150	2,180	2,180	2,160	2,180	2,203	2,183	2,183	2,183	2,183	2,183	2,203	2,203	2,183	2,183	2,153	2,153	2,153	2,153	2,153
평년	1,567	1,565	1,567	1,565	1,565	1,562	1,559	1,557	1,560	1,563	1,567	1,568	1,564	1,561	1,564	1,565	1,567	1,569	1,577	1,576	1,575	1,573	1,572	1,567	1,567	1,570	1,575	1,582
vegie015
구분	06/20	06/21	06/22	06/25	06/26	06/27	06/28	06/29	07/02	07/03	07/04	07/05	07/06	07/09	07/10	07/11	07/12	07/13	07/16	07/17	07/18	07/19	07/20	07/23	07/24	07/25	07/26	07/27
평균	1,300	1,400	1,400	1,450	1,450	1,400	1,508	1,500	1,525	1,592	1,742	1,700	1,775	1,875	1,800	1,700	1,950	1,975	2,300	2,250	2,450	2,300	2,275	2,200	2,100	2,050	2,025	2,000
평년	1,289	1,297	1,311	1,328	1,313	1,306	1,288	1,255	1,202	1,189	1,189	1,193	1,200	1,194	1,198	1,247	1,321	1,365	1,457	1,513	1,499	1,506	1,507	1,471	1,484	1,509	1,518	1,505
vegie016
구분	06/20	06/21	06/22	06/25	06/26	06/27	06/28	06/29	07/02	07/03	07/04	07/05	07/06	07/09	07/10	07/11	07/12	07/13	07/16	07/17	07/18	07/19	07/20	07/23	07/24	07/25	07/26	07/27
평균	20,000	20,000	20,000	20,000	20,000	20,000	20,000	20,000	20,000	20,000	20,000	20,000	20,000	20,000	20,000	20,000	20,000	20,000	20,000	20,000	20,000	20,000	19,833	19,667	19,667	19,667	19,667	19,667
평년	12,089	12,089	12,089	12,090	12,092	12,094	12,097	12,099	12,100	12,111	12,122	12,131	12,131	12,207	12,236	12,264	12,287	12,269	12,219	12,231	12,240	12,217	12,239	12,176	12,163	12,156	12,122	12,103
vegie017
구분	06/20	06/21	06/22	06/25	06/26	06/27	06/28	06/29	07/02	07/03	07/04	07/05	07/06	07/09	07/10	07/11	07/12	07/13	07/16	07/17	07/18	07/19	07/20	07/23	07/24	07/25	07/26	07/27
평균	3,240	3,560	3,480	3,140	3,220	3,160	3,160	3,300	3,900	4,540	4,240	3,960	3,820	4,280	4,100	3,960	3,780	4,080	4,540	4,520	4,700	4,800	5,040	6,400	6,632	6,780	7,160	6,160
평년	3,679	3,720	3,701	3,617	3,630	3,623	3,640	3,652	3,673	3,623	3,618	3,631	3,644	3,694	3,800	3,915	3,992	4,049	4,247	4,244	4,266	4,307	4,251	4,069	4,078	4,135	4,241	4,326
vegie006
구분	06/20	06/21	06/22	06/25	06/26	06/27	06/28	06/29	07/02	07/03	07/04	07/05	07/06	07/09	07/10	07/11	07/12	07/13	07/16	07/17	07/18	07/19	07/20	07/23	07/24	07/25	07/26	07/27
평균	5,766	5,766	5,800	5,800	5,800	5,820	5,820	5,820	5,720	5,720	5,720	5,720	5,720	5,720	5,720	5,740	5,740	5,740	5,680	5,680	5,680	5,680	5,680	5,400	5,360	5,360	5,360	5,360
평년	4,357	4,359	4,378	4,517	4,565	4,599	4,598	4,603	4,630	4,649	4,660	4,661	4,661	4,712	4,720	4,726	4,727	4,728	4,740	4,735	4,724	4,717	4,712	4,675	4,671	4,665	4,654	4,639
vegie019
구분	06/20	06/21	06/22	06/25	06/26	06/27	06/28	06/29	07/02	07/03	07/04	07/05	07/06	07/09	07/10	07/11	07/12	07/13	07/16	07/17	07/18	07/19	07/20	07/23	07/24	07/25	07/26	07/27
평균	6,625	6,625	6,583	6,583	6,583	6,583	6,592	6,592	6,275	6,208	6,167	6,117	6,117	6,117	6,117	6,117	6,117	6,117	6,117	6,083	5,967	5,883	5,833	5,833	5,833	5,833	5,833	5,833
평년	5,558	5,533	5,523	5,571	5,605	5,624	5,625	5,658	5,769	5,780	5,775	5,771	5,767	5,833	5,860	5,883	5,883	5,883	5,885	5,877	5,860	5,843	5,833	5,815	5,808	5,807	5,803	5,800
vegie020
구분	06/20	06/21	06/22	06/25	06/26	06/27	06/28	06/29	07/02	07/03	07/04	07/05	07/06	07/09	07/10	07/11	07/12	07/13	07/16	07/17	07/18	07/19	07/20	07/23	07/24	07/25	07/26	07/27
평균	710	705	690	670	650	650	650	650	650	650	660	650	640	640	660	670	680	680	690	690	690	680	680	690	650	650	650	646
평년	854	840	834	839	842	842	839	843	856	861	862	864	866	865	863	859	856	856	862	861	862	860	862	879	884	888	894	897
vegie021
구분	06/20	06/21	06/22	06/25	06/26	06/27	06/28	06/29	07/02	07/03	07/04	07/05	07/06	07/09	07/10	07/11	07/12	07/13	07/16	07/17	07/18	07/19	07/20	07/23	07/24	07/25	07/26	07/27
평균	1,340	1,340	1,340	1,340	1,340	1,440	1,500	1,500	1,540	1,580	1,560	1,520	1,480	1,500	1,500	1,540	1,540	1,560	1,600	1,560	1,680	1,640	1,560	1,580	1,620	1,560	1,520	1,520
평년	1,515	1,496	1,482	1,452	1,452	1,448	1,450	1,452	1,478	1,488	1,499	1,501	1,497	1,440	1,420	1,411	1,404	1,403	1,432	1,449	1,451	1,449	1,439	1,403	1,417	1,433	1,444	1,461
vegie022
구분	06/20	06/21	06/22	06/25	06/26	06/27	06/28	06/29	07/02	07/03	07/04	07/05	07/06	07/09	07/10	07/11	07/12	07/13	07/16	07/17	07/18	07/19	07/20	07/23	07/24	07/25	07/26	07/27
평균	5,230	5,130	5,130	5,130	5,130	5,130	5,130	5,180	5,180	5,160	5,160	5,160	5,160	5,160	5,160	5,160	5,210	5,210	5,210	5,210	5,230	5,230	5,230	5,230	5,230	5,230	5,230	5,230
평년	5,190	5,187	5,163	5,087	5,087	5,071	5,037	5,009	4,932	4,927	4,911	4,875	4,857	4,808	4,808	4,803	4,793	4,783	4,784	4,794	4,799	4,802	4,800	4,789	4,787	4,776	4,751	4,729
vegie024
구분	06/20	06/21	06/22	06/25	06/26	06/27	06/28	06/29	07/02	07/03	07/04	07/05	07/06	07/09	07/10	07/11	07/12	07/13	07/16	07/17	07/18	07/19	07/20	07/23	07/24	07/25	07/26	07/27
평균	2,191	2,257	2,197	1,947	1,787	1,747	1,780	1,724	1,737	1,873	2,007	1,987	1,968	1,960	1,960	2,067	2,067	2,080	2,053	2,107	2,133	2,120	2,040	2,040	2,040	2,040	2,107	2,133
평년	1,672	1,664	1,652	1,619	1,607	1,594	1,584	1,575	1,581	1,587	1,588	1,591	1,612	1,745	1,813	1,932	2,026	2,101	2,296	2,386	2,424	2,443	2,448	2,398	2,409	2,445	2,456	2,465
vegie025
구분	06/20	06/21	06/22	06/25	06/26	06/27	06/28	06/29	07/02	07/03	07/04	07/05	07/06	07/09	07/10	07/11	07/12	07/13	07/16	07/17	07/18	07/19	07/20	07/23	07/24	07/25	07/26	07/27
평균	6,550	6,800	6,500	6,500	6,700	6,700	6,630	6,600	6,700	6,400	6,400	6,700	6,900	8,000	8,500	8,600	8,700	9,200	8,600	8,900	8,800	8,100	8,400	8,500	8,300	8,500	8,800	8,900
평년	6,575	6,657	6,695	6,707	6,673	6,625	6,590	6,607	6,663	6,707	6,703	6,747	6,787	6,918	7,093	7,358	7,592	7,843	8,155	8,293	8,397	8,478	8,413	8,210	8,173	8,130	8,143	8,125
vegie026
구분	06/20	06/21	06/22	06/25	06/26	06/27	06/28	06/29	07/02	07/03	07/04	07/05	07/06	07/09	07/10	07/11	07/12	07/13	07/16	07/17	07/18	07/19	07/20	07/23	07/24	07/25	07/26	07/27
평균	2,560	2,560	2,600	2,560	2,580	2,480	2,420	2,100	2,000	1,920	1,920	1,800	1,860	1,840	1,800	1,740	1,800	1,800	2,000	2,000	1,960	1,840	1,840	1,820	1,780	1,780	1,900	1,900
평년	3,067	3,101	3,089	3,088	3,090	3,055	2,975	2,908	2,681	2,518	2,438	2,413	2,373	2,158	2,057	1,955	1,918	1,897	1,902	1,944	1,965	1,948	1,923	1,836	1,788	1,747	1,717	1,690
vegie027
구분	06/20	06/21	06/22	06/25	06/26	06/27	06/28	06/29	07/02	07/03	07/04	07/05	07/06	07/09	07/10	07/11	07/12	07/13	07/16	07/17	07/18	07/19	07/20	07/23	07/24	07/25	07/26	07/27
평균	3,080	3,000	3,320	3,120	3,160	3,280	3,240	3,080	3,120	3,052	3,132	3,132	3,132	3,532	3,612	3,612	3,612	3,480	3,200	3,000	2,840	2,880	2,920	2,920	2,880	3,000	2,960	2,960
평년	3,243	3,226	3,223	3,193	3,179	3,153	3,144	3,151	3,076	3,059	3,051	3,035	3,019	2,921	2,899	2,888	2,868	2,891	2,959	2,962	2,957	2,949	2,909	2,843	2,850	2,883	2,932	2,969
vegie028
구분	06/20	06/21	06/22	06/25	06/26	06/27	06/28	06/29	07/02	07/03	07/04	07/05	07/06	07/09	07/10	07/11	07/12	07/13	07/16	07/17	07/18	07/19	07/20	07/23	07/24	07/25	07/26	07/27
평균	3,400	3,325	3,325	3,325	3,250	3,200	3,200	3,175	3,100	3,050	3,000	3,000	3,000	3,000	3,000	3,000	2,950	2,900	3,000	2,900	2,900	2,875	2,825	2,925	2,925	2,925	2,975	2,983
평년	3,219	3,186	3,158	3,084	3,069	3,035	3,010	2,978	2,749	2,689	2,636	2,579	2,523	2,438	2,423	2,410	2,399	2,379	2,365	2,362	2,357	2,352	2,350	2,321	2,307	2,291	2,286	2,287
vegie029
구분	06/20	06/21	06/22	06/25	06/26	06/27	06/28	06/29	07/02	07/03	07/04	07/05	07/06	07/09	07/10	07/11	07/12	07/13	07/16	07/17	07/18	07/19	07/20	07/23	07/24	07/25	07/26	07/27
평균	2,760	2,760	2,760	2,800	2,800	2,840	2,800	2,880	2,920	2,920	2,840	2,840	2,800	2,880	2,760	2,760	2,680	2,680	2,840	2,840	3,000	3,280	3,400	3,400	3,200	3,160	3,080	3,040
평년	2,447	2,445	2,428	2,371	2,373	2,388	2,404	2,390	2,350	2,337	2,331	2,315	2,318	2,339	2,340	2,371	2,399	2,438	2,516	2,521	2,516	2,527	2,527	2,542	2,571	2,617	2,636	2,655
spcrops001
구분	06/20	06/21	06/22	06/25	06/26	06/27	06/28	06/29	07/02	07/03	07/04	07/05	07/06	07/09	07/10	07/11	07/12	07/13	07/16	07/17	07/18	07/19	07/20	07/23	07/24	07/25	07/26	07/27
평균	16,620	16,620	16,620	16,620	16,620	16,620	16,620	16,620	16,620	16,620	16,620	16,620	16,620	16,620	16,620	16,620	16,620	16,620	16,587	16,587	16,587	16,587	16,587	16,587	16,587	16,587	16,587	16,587
평년	17,844	17,844	17,844	17,844	17,844	17,844	17,844	17,844	17,844	17,844	17,844	17,844	17,844	17,840	17,836	17,831	17,828	17,828	17,822	17,822	17,822	17,822	17,822	17,839	17,834	17,834	17,837	17,841
spcrops002
구분	06/20	06/21	06/22	06/25	06/26	06/27	06/28	06/29	07/02	07/03	07/04	07/05	07/06	07/09	07/10	07/11	07/12	07/13	07/16	07/17	07/18	07/19	07/20	07/23	07/24	07/25	07/26	07/27
평균	8,308	8,308	8,308	8,308	8,308	8,308	8,308	8,308	8,308	8,358	8,358	8,358	8,358	8,358	8,358	8,358	8,358	8,358	8,358	8,358	8,358	8,358	8,358	8,358	8,358	8,358	8,358	8,358
평년	8,207	8,198	8,189	8,162	8,162	8,160	8,158	8,157	8,153	8,151	8,151	8,151	8,151	8,151	8,151	8,151	8,151	8,151	8,156	8,160	8,164	8,168	8,168	8,173	8,173	8,173	8,173	8,173
spcrops006
구분	06/20	06/21	06/22	06/25	06/26	06/27	06/28	06/29	07/02	07/03	07/04	07/05	07/06	07/09	07/10	07/11	07/12	07/13	07/16	07/17	07/18	07/19	07/20	07/23	07/24	07/25	07/26	07/27
평균	17,190	17,191	17,191	17,215	17,215	17,215	17,279	17,279	17,279	17,279	17,279	17,282	17,282	17,282	17,282	17,282	17,246	17,246	17,246	17,251	17,251	17,234	17,234	17,234	17,234	17,234	17,577	17,691
평년	23,286	23,407	23,422	23,107	22,964	22,845	22,785	22,729	22,810	22,945	23,027	23,103	23,201	23,559	23,660	23,761	23,741	23,730	23,583	23,535	23,478	23,431	23,433	23,381	23,387	23,353	23,337	23,306
spcrops007
구분	06/20	06/21	06/22	06/25	06/26	06/27	06/28	06/29	07/02	07/03	07/04	07/05	07/06	07/09	07/10	07/11	07/12	07/13	07/16	07/17	07/18	07/19	07/20	07/23	07/24	07/25	07/26	07/27
평균	14,922	14,922	14,920	14,942	14,942	14,942	14,945	14,945	14,945	14,945	14,951	14,951	14,951	14,951	14,951	14,951	14,762	14,762	14,762	14,762	14,762	14,836	14,891	14,891	14,891	14,891	14,906	14,906
평년	17,170	17,174	17,166	17,142	17,156	17,178	17,198	17,232	17,286	17,352	17,418	17,500	17,497	17,511	17,508	17,498	17,475	17,452	17,372	17,355	17,343	17,335	17,343	17,405	17,418	17,438	17,455	17,455
fruits001
구분	06/20	06/21	06/22	06/25	06/26	06/27	06/28	06/29	07/02	07/03	07/04	07/05	07/06	07/09	07/10	07/11	07/12	07/13	07/16	07/17	07/18	07/19	07/20	07/23	07/24	07/25	07/26	07/27
평균	3,980	3,940	3,940	3,940	3,940	3,900	3,880	3,800	3,800	3,800	3,820	3,820	3,820	3,780	3,780	3,780	3,820	3,820	3,820	3,800	3,800	3,760	3,760	3,760	3,760	3,780	3,780	3,740
평년	4,313	4,316	4,319	4,333	4,340	4,349	4,353	4,364	4,397	4,412	4,435	4,456	4,462	4,446	4,445	4,445	4,443	4,444	4,454	4,457	4,459	4,464	4,469	4,468	4,463	4,462	4,460	4,459
fruits002
구분	06/20	06/21	06/22	06/25	06/26	06/27	06/28	06/29	07/02	07/03	07/04	07/05	07/06	07/09	07/10	07/11	07/12	07/13	07/16	07/17	07/18	07/19	07/20	07/23	07/24	07/25	07/26	07/27
평균	2,453	2,440	2,440	2,440	2,440	2,440	2,347	2,307	2,320	2,320	2,320	2,320	2,320	2,320	2,320	2,320	2,320	2,320	2,320	2,320	2,320	2,307	2,307	2,307	2,307	2,427	2,427	2,427
평년	3,364	3,385	3,403	3,463	3,483	3,514	3,534	3,559	3,655	3,676	3,691	3,700	3,705	3,736	3,737	3,740	3,733	3,739	3,714	3,700	3,696	3,723	3,745	3,797	3,794	3,791	3,793	3,799
fruits003
구분	07/16	07/17	07/18	07/19	07/20	07/23	07/24	07/25	07/26	07/27
평균	5,644	5,511	5,378	5,556	5,689	5,511	5,644	5,733	5,627	5,689
평년	4,111	4,111	4,653	5,013	4,987	4,936	4,860	4,812	4,766	5,046
fruits004
구분	07/16	07/17	07/18	07/19	07/20	07/23	07/24	07/25	07/26	07/27
평균	5,080	4,920	4,840	4,840	4,840	4,960	5,000	4,880	4,800	4,840
평년	4,895	4,886	4,976	4,970	5,063	4,974	4,963	4,965	4,965	4,952